# X_Gal                 Y                     Z                    R_Gal               LA             LON            DIST   Fe_H        Fe_H_err     alpha_M      alpha_M_err  C_Fe         C_Fe_err     N_Fe        N_Fe_err    O_Fe          O_Fe_err   
  0.09283095395552365   0.8726501028729949    0.2983088821797757   0.8775738077543912  2.0213045992   5.92598463457  8.4576 -0.30316523 0.010694921  0.21398605   0.016595619  0.14622007   0.019814512  0.25360006  0.030706208 0.2758197     0.020180283
  -0.12278295538552975  0.8320189585342893    0.25893521767480027  0.8410298457805695  1.71208224635  5.51145135751  8.6667 -0.20388524 0.010940653  0.17992605   0.015742984  0.22361009   0.015174203  0.2565901   0.023757048 0.28287116    0.016695276
  1.1895587297376844    0.7500883786182133    0.21952281955964792  1.4063010158686629  1.71102143936  5.85833671518  7.3521 -0.5516417  0.01185024   0.20100507   0.02095763   0.033743918  0.028479816  0.17434993  0.041792054 0.24722323    0.029592006
  0.4623065277152154    -0.03262029794481902  -0.28185608340520707 0.4634559411703641  -2.00833941764 359.76747121   8.0427 0.037503764 0.009671695  0.10878606   0.013937458  0.09946008   0.018323194  0.22931008  0.027333394 0.18601672    0.020666698
  0.20246142959729596   0.048712228477069894  -0.24844063974365918 0.2082390733694882  -1.7149789029  0.336361562584 8.3014 -0.6974765  0.013297211  0.16051605   0.024603082  -0.013324916 0.030119346  0.12765008  0.042952765 0.2414363     0.033618066
  -0.04739525418143309  0.01628591758484507   -0.2770609097024568  0.05011527941160277 -1.85656977761 0.109169306691 8.5519 -0.55085343 0.012094947  0.22100605   0.020796128  0.07258305   0.024938978  0.19275004  0.03737642  0.27055266    0.025943281
  1.2831696099025471    0.9281619111795832    0.30354134347947304  1.5836694039925099  2.3888003514   7.3286225117   7.2826 -0.54401046 0.012438876  0.21416606   0.022312356  -0.009756923 0.028848529  0.1605401   0.041684005 0.28277826    0.03127338 
  -0.19440906847507833  -0.03209785477793143  -0.31298672134288896 0.19704100635830316 -2.06166464262 359.788477487  8.7001 -0.19924524 0.010737891  0.17524606   0.015215487  0.20480008   0.014516892  0.27656007  0.023032852 0.28606117    0.015657205
  -0.02358393077225962  -0.1186595127654682   -0.3598067468950425  0.12098050157115833 -2.41696242906 359.20241882   8.532  -0.59062576 0.012218381  0.21052606   0.020623391  0.05926609   0.02258559   0.1382401   0.03475618  0.28791794    0.022887962
  0.22118639917331606   1.1360716612609445    0.3814243742171397   1.1574032325423407  2.61342801689  7.81368984225  8.3651 -0.86820334 0.012622547  0.21818607   0.022431184  -0.02550894  0.02503814   0.2400201   0.03922237  0.29647422    0.023543091
  -1.174747282758121    0.12987644406760493   -0.2775847330829262  1.181904847723045   -1.64331319515 0.769107959946 9.6796 -0.41736522 0.011949774  0.20484604   0.020004826  0.045505077  0.023371978  0.15372008  0.034892064 0.27900332    0.025076488
  2.041577095996046     0.0946609925088837    -0.18964308459411433 2.0437704720438683  -1.68175130239 0.839723118433 6.4619 -0.7997228  0.012621963  0.2092382    0.023276735  0.09950936   0.029455997  0.038546383 0.044322062 0.2950738     0.028788293
  -0.6193360778302388   1.2399447705365605    0.38027578887282004  1.3860159491445643  2.36610088333  7.74295282805  9.2111 -0.5039381  0.011543715  0.20414604   0.018685168  0.08680013   0.020347968  0.12874013  0.03219346  0.2603856     0.01980278 
  1.4034067123744363    1.0125315334992122    0.3177166248365542   1.7305405244223233  2.53777090879  8.12007329447  7.1755 -0.33589524 0.010479145  0.19812605   0.015553719  0.09914109   0.016683834  0.3707001   0.027084634 0.2902707     0.016093856
  0.32284750723338007   -0.014549754301672458 -0.3319406945380844  0.3231751974967238  -2.32456645915 359.898052698  8.1839 -0.46233255 0.012175419  0.23635606   0.020726291  0.10806006   0.024457186  0.13208008  0.036118776 0.33031166    0.026595475
  0.7071881298943774    1.0883928313830415    0.31366270376779093  1.297965333308059   2.28279232007  7.95085481259  7.8747 -0.26311523 0.010221943  0.20944606   0.0147601385 0.16456006   0.0156093165 0.26759008  0.025497116 0.28411102    0.015125448
  0.38867613112350874   0.1399561051613255    -0.2569687584563618  0.4131063377352942  -1.81426780105 0.98850676336  8.1166 -0.5855227  0.012812297  0.23675604   0.023011263  0.08732009   0.028195234  0.0992201   0.040629663 0.2965646     0.031206347
  0.16935742530156617   0.05865776239224485   -0.3279098192079208  0.17922798496228376 -2.25405057386 0.403424663867 8.3373 -0.6118771  0.012388225  0.14476605   0.021794373  -0.00876987  0.026353167  0.055077076 0.039196122 0.22055677    0.027497562
  0.38281977029104475   0.11270710682953942   -0.2888526207120059  0.39906624569809646 -2.03783357284 0.795501197556 8.1231 -0.29750523 0.010861539  0.038555052  0.017381014  0.06966108   0.022515422  0.1504601   0.033507496 0.11980358    0.024225349
  0.0300617164942949    0.11095981583088554   -0.30626758378125496 0.11495993879524902 -2.07069919484 0.750556293529 8.4762 -0.4609552  0.0115823215 0.25749603   0.018797468  0.16424006   0.021041341  0.19733006  0.032510985 0.33670256    0.021444874
  0.9274100186057819    -0.04643060249199723  -0.3603260507375651  0.9285715607631685  -2.72419539544 359.648700876  7.5813 -0.73125434 0.012281478  0.23854606   0.020603115  0.0701161    0.02111508   0.17229009  0.033672366 0.3266057     0.020126242
  -0.058693502952120724 -0.008580281033692511 -0.3860500761592027  0.05931735421786568 -2.58264258773 359.942559723  8.5674 -0.54198796 0.012249895  0.22178607   0.020592758  0.10988009   0.022670588  0.18765008  0.034350242 0.29720464    0.02383862 
  -0.5978130381996465   0.19651607854842704   -0.3095906859652647  0.6292845125772154  -1.94851945436 1.23741730095  9.1052 -0.35301524 0.011422242  0.20066606   0.018676803  0.1664901    0.022790795  0.2110001   0.03399463  0.3111893     0.024516199
  0.0782486349317999    0.023415482594147656  -0.3788320870079472  0.0816770083549032  -2.57556569353 0.159302360366 8.4303 -0.52664113 0.011879144  0.21678604   0.019259173  0.07308906   0.020080384  0.14422005  0.03148503  0.29729274    0.020185975
  0.8923955374789596    0.21751461518002665   -0.2336797466898871  0.9185218577308197  -1.75866013333 1.63773959773  7.6143 -0.925181   0.013313574  0.23555605   0.023630222  0.0560351    0.023310596  0.14464009  0.036925457 0.28860635    0.02212521 
  -0.13550046655505632  1.2053312902184223    0.28893627835181673  1.212923697359502   1.89796622327  7.94593018095  8.724  -0.640119   0.012028695  0.24803604   0.020136375  0.11069012   0.021779949  0.14211011  0.034268312 0.30117866    0.021124799
  0.30691640402983467   0.23100212498944483   -0.2611885481695754  0.3841349513025908  -1.82519758708 1.61501358869  8.2005 -0.71733123 0.013097289  0.22366606   0.024239058  0.032749116  0.030143427  0.17272007  0.04353402  0.31125182    0.032517847
  0.902718008736656     0.25078447546644733   -0.22332841756190702 0.9369058951850258  -1.68285609282 1.89063357701  7.6047 -0.28445524 0.010733289  0.21218605   0.01645443   0.1267101    0.018745324  0.1594801   0.02940225  0.30562207    0.018931082
  0.10899527971867151   0.11770274374660128   -0.34938039202421506 0.16041791323424429 -2.38404107656 0.803649671789 8.3991 -0.77162915 0.013042054  0.22149606   0.02281946   0.09838015   0.023685662  0.18966013  0.036337834 0.28728935    0.024067882
  1.9859853088632615    0.029578044070887925  -0.3192449732786386  1.9862055552514608  -2.80573177571 0.260159905229 6.5219 0.4495348   0.007955044  0.0017570518 0.00950424   0.12604007   0.01197144   0.4507101   0.018606042 0.11356154    0.013747036
  1.5264897799376032    0.4237215794430711    -0.3473330301016309  1.5842067494931595  -2.84616205202 3.47710782821  6.995  0.39699477  0.008044177  0.020526048  0.0097537115 0.16589606   0.012273581  0.41852003  0.019217653 0.17912114    0.013745189
  0.18602528011311392   0.7580639559380508    -0.35482304855992935 0.780555165336576   -2.43369766394 5.20979414075  8.356  -0.6782452  0.012065063  0.10474606   0.020299183  -0.036015928 0.022052882  0.20301008  0.034695063 0.18045807    0.021308646
  -1.08788081744175     0.9107419234472861    -0.3892091846399058  1.4187795896763502  -2.31417568199 5.42618025628  9.6389 -0.88661325 0.012835074  0.24450605   0.023125624  -0.032551944 0.02585357   0.1681301   0.04027513  0.333701      0.02443332 
  2.006944231596176     0.5627420846298937    -0.30006436740176023 2.0843473325122095  -2.63606649698 4.95335018264  6.5243 0.41428477  0.0077239634 -0.03949695  0.008761371  0.13294709   0.009764843  0.4131201   0.016138243 0.08865756    0.010341514
  0.3535521548751923    0.8022103238866158    -0.3493007198834723  0.8766644340722174  -2.44340186482 5.62399167311  8.1933 -0.07601523 0.009720778  0.18526605   0.014361673  0.13008009   0.019168073  0.3241401   0.029216312 0.2366656     0.02019701 
  1.3572679434359323    0.6472324604603973    -0.3901431407296815  1.503690835295748   -3.11371398536 5.17766704618  7.1826 -0.8902671  0.0130708795 0.113006055  0.022682551  -0.1500799   0.022019757  0.17360008  0.03507104  0.221304      0.0209843  
  0.3308022540610427    0.8679583062054969    -0.39357556635893837 0.9288604591664894  -2.74284880059 6.06479099085  8.2246 -0.5456747  0.011880362  0.22264604   0.019590642  0.11301005   0.021398576  0.16473004  0.03323036  0.3123621     0.021515496
  -1.0130101108979694   1.3201726807117333    -0.29478536777703795 1.664044888721191   -1.75805343428 7.90078853154  9.6087 -0.92909956 0.013589458  0.13344605   0.025025506  -0.0927099   0.026781268  0.10375011  0.04082359  0.21113253    0.026639106
  1.883230860176349     0.9145276306894768    -0.3235144710563549  2.093542275669412   -2.77282261005 7.86920149866  6.6875 -0.42745858 0.01090884   0.18078984   0.018595261  0.014401764  0.027031798  0.20515177  0.04044221  0.22937974    0.026874026
  1.2520520521223375    0.19759431234346203   -0.35240838892608944 1.267547968912515   -2.78260040472 1.56161671302  7.2592 -0.6023582  0.011903447  0.21258606   0.020497017  0.09242612   0.025051018  0.2431401   0.03805041  0.27536273    0.025103148
  1.952225082921549     0.08666771070907188   -0.38060570568335267 1.9541479131497699  -3.32642558836 0.758334570927 6.5594 0.42181444  0.007601068  0.0020470433 0.009847372  0.1164968    0.01678752   0.39648783  0.02517104  0.035784423   0.018425718
  0.5093887541210256    0.27308260604968315   -0.37785638476224237 0.5779714634407629  -2.70578262538 1.95734632554  8.0042 -0.80538803 0.012659364  0.22750606   0.022523798  -0.007087946 0.025616854  0.17355007  0.039404865 0.31586424    0.024985222
  0.6799914302995083    0.4029828194331939    -0.306978463499549   0.7904324753191111  -2.24504516219 2.94997232879  7.8364 -0.64130884 0.012064988  0.13117605   0.01956964   0.008974075  0.019155879  0.104170084 0.030857353 0.23880115    0.018399067
  0.9287067291115969    0.2602783886950715    -0.37213085948128377 0.9644900353652514  -2.8121782418  1.96888196458  7.5849 -0.5547629  0.011808273  0.239984     0.021236405  0.006978452  0.030487139  0.120118916 0.044256818 0.27546147    0.031700127
  1.4035974141562955    0.2325117215756604    -0.35540322024525267 1.4227253430287647  -2.8655661412  1.87660946288  7.1091 0.31808478  0.00814504   -0.03161995  0.00981118   0.108533084  0.011360775  0.29267007  0.018451199 0.074088216   0.012000256
  1.9416087655184695    0.1375956283132567    -0.374222004356905   1.9464781414824763  -3.26504079066 1.20189420021  6.5705 0.38619477  0.008013813  -0.06508895  0.0100442665 0.12265307   0.013855385  0.17139012  0.02141375  -0.0013155341 0.015310113
  1.4895684231878894    0.1939431689745954    -0.3743911911941265  1.5021411518730068  -3.05580272001 1.58468010746  7.0231 0.4437548   0.00784955   -0.01955395  0.009120947  0.12947208   0.010775806  0.3574201   0.01721684  0.086586      0.011991482
  1.937741667424282     0.2275114299582487    -0.33221873183027484 1.9510520804001834  -2.89642577562 1.9856313206   6.5746 0.25675476  0.008291706  -0.02761595  0.010492565  0.14595509   0.013499336  0.3384601   0.021222495 0.08326104    0.014541909
  0.45854642014828784   0.4272448937415021    -0.3262123294142693  0.6267399928670561  -2.31973806418 3.04128280581  8.0594 -0.63643926 0.011892118  0.17633605   0.020463811  0.0035052896 0.024667243  0.2548701   0.03791302  0.2367503     0.024147892
  -0.2583168751084841   0.4988218540842581    -0.3577014300753139  0.561739129915185   -2.33495709032 3.25970670808  8.7798 -0.6834083  0.012688554  0.21232606   0.022532161  0.038852096  0.02627529   0.1796301   0.039313428 0.26841265    0.027177023
  -0.5332068780287713   1.9109746531741956    0.39562600225394945  1.9839691781505644  2.45353937671  11.9448083859  9.2416 -0.54541045 0.012154896  0.18837605   0.020769905  0.050045103  0.024168817  0.18274009  0.036441077 0.24775329    0.025085917
  2.040574979981569     0.4052224885688575    -0.2589178161462418  2.080420994454901   -2.2909007773  3.58966200601  6.4773 -0.06791535 0.009964899  0.0991897    0.015267604  0.018796861  0.021486523  0.07319086  0.032005332 0.12860325    0.02307616 
  0.2160737287509651    0.48211465033356404   -0.35886416154836653 0.528320350093199   -2.47634813911 3.33078899748  8.3057 -0.31778523 0.010529253  0.20530607   0.015624151  0.16951008   0.016569035  0.23485008  0.026926668 0.32134005    0.015997259
  1.2645215720245417    0.6403560399249788    -0.22031448076192273 1.417416898440194   -1.73728507453 5.05762736254  7.2671 -0.8286159  0.012209454  0.25911695   0.022881437  -0.10462999  0.03204562   0.25597703  0.048173953 0.29472876    0.030239653
  0.2529805204391664    0.5672609229958202    0.3921101745505648   0.6211152054810294  2.71570994281  3.93482088178  8.2758 -0.37296522 0.011523542  0.22029604   0.018931998  0.1476501    0.023208106  0.27839008  0.034260094 0.2971115     0.025478357
  1.211428137449003     0.5500938496833911    0.372760514231867    1.3304741168706191  2.91944701981  4.31612877816  7.3188 -0.61263233 0.011753049  0.21087587   0.020716015  -9.112358E-4 0.02766195   0.18544364  0.0415119   0.26913458    0.027461449
  0.37029769020132797   0.438719700071801     0.2957109886748492   0.5741039580071973  2.08014265656  3.08897269114  8.1469 -0.80889666 0.013874558  0.26372603   0.02598591   0.011199772  0.029563129  0.11445004  0.042604644 0.36267594    0.032651905
  0.771930837159263     0.6328731141830638    0.3990241542742784   0.9982011801301228  2.94588960323  4.68166391398  7.7642 0.42953476  0.008244966  0.03493605   0.010212794  0.1125671    0.013142307  0.4049401   0.020107983 0.13807806    0.015258659
  1.6856361247462024    0.5426808708013883    0.34022611319870044  1.7708392565625906  2.84927199397  4.55329946712  6.8444 -0.37353522 0.010788172  0.11540605   0.016541524  0.019181848  0.018352887  0.29681006  0.02918096  0.19787435    0.018087432
  0.4301984743257208    0.5837357031278381    0.3624320144784898   0.7251331590944724  2.56485515757  4.13733102748  8.099  -0.71409047 0.01314645   0.13140605   0.023127267  -0.033867955 0.024586152  0.26476008  0.0368356   0.22747779    0.026151102
  0.06004086615077675   0.6534599756998417    0.39865403436244157  0.6562125002236495  2.69624833202  4.42726711458  8.4746 -0.32456523 0.010902979  0.20060606   0.017266516  0.1098001    0.021044662  0.2894001   0.032148343 0.2742619     0.021792721
  1.5758233155341417    0.6263443689399597    0.35293049428550005  1.6957377127031796  2.90603906813  5.16877108372  6.9614 0.30675477  0.008126593  -0.05451075  0.009524801  0.11045009   0.01019622   0.29912013  0.016926657 0.06293407    0.010617818
  1.3998666362260028    0.6509997337363704    0.35403849126687686  1.5438352413854042  2.84270749283  5.23870984274  7.1387 -0.96759367 0.013101411  0.24314103   0.026013786  -0.15901148  0.036961276  0.3540485   0.05388376  0.31570566    0.03616711 
  0.7881138026976036    0.6999416845194936    0.37583268634964684  1.0540596414484635  2.77865388361  5.18603680338  7.7527 -0.40184522 0.010837674  0.21583606   0.01710573   0.10808006   0.020183407  0.20936006  0.03180318  0.29921654    0.019655341
  1.1917262107539113    0.7197588703050021    0.3506927288038417   1.3922155697953562  2.73406431282  5.62466401833  7.352  -0.44463524 0.011621296  0.23047607   0.01890178   0.15390012   0.021410327  0.22198011  0.032698255 0.30908656    0.022321338
  0.3931254835892073    0.7354323890683234    0.3480093910781228   0.8339115329206029  2.44802607947  5.18352031887  8.1476 -0.874475   0.013117626  0.22964604   0.023859922  -0.05337596  0.026477987  0.14731008  0.04067643  0.31076086    0.025772924
  1.164068818865827     0.7737846780660477    0.3778871096684755   1.397783582342223   2.93256335335  6.02122149441  7.3863 -0.42807522 0.011278725  0.20250605   0.018223245  0.107580096  0.021346733  0.20277008  0.032953676 0.25960833    0.02157658 
  -0.6536350941857947   0.7796426541867448    0.3592775170573131   1.017389553995236   2.23958844901  4.86830441704  9.1938 -0.80941105 0.013652914  0.23227607   0.02607102   -0.046706915 0.03205076   0.084230065 0.045998547 0.29297614    0.034607574
  0.942175418801531     0.7953354175454118    0.38096191860874234  1.2329853795548327  2.86980581685  6.00731843774  7.6091 -0.47313386 0.011695539  0.25427604   0.020133764  0.12511006   0.026197026  0.15975004  0.03889654  0.37037894    0.027204005
  1.84316233151882      0.7098238492474002    0.3399302848080037   1.9751195602520593  2.90680991338  6.08649560258  6.7032 -0.56566405 0.012015023  0.24942605   0.020473083  0.11820009   0.02399403   0.15583009  0.036488257 0.33205804    0.024400389
  -0.15220587997322887  0.7843582936647014    0.3516568180997874   0.798989713787998   2.31793124141  5.17994076749  8.6948 -0.20885524 0.011033831  0.22809605   0.01726346   0.2045901    0.020988757  0.22756009  0.030856352 0.29510987    0.023945095
  0.9057992248354596    0.6879853825253684    0.30253989806591725  1.1374515911813992  2.27206415717  5.17649574111  7.6313 -0.38169524 0.011039351  0.22879605   0.016095113  0.1481201    0.0146627715 0.2490901   0.024227139 0.32641116    0.01434992 
  0.46036324102911763   0.7696015674429108    0.34374394713740186  0.8967836340508332  2.43712875585  5.46802940693  8.0837 -0.18459524 0.009899292  0.20232604   0.014162451  0.2035901    0.015955664  0.3125201   0.025685307 0.28088838    0.015794098
  0.8051146427245648    0.7692420660880367    0.3397682624211998   1.1135272534468543  2.51573423809  5.70877609991  7.7407 -0.67429876 0.012108265  0.22633605   0.02064314   0.06924212   0.023165202  0.16480011  0.036077846 0.3050294     0.022548778
  1.1161716778619297    0.6858289511709188    0.28277015211563794  1.3100383829206372  2.18372987525  5.30655401774  7.421  -0.50286245 0.01196077   0.18622606   0.020351602  0.13543004   0.024699558  0.20756006  0.036682438 0.28601974    0.026306482
  0.3912441810932421    0.7248141587349605    0.28001841839974795  0.8236671499713887  1.96995236792  5.1079001322   8.1459 -0.93666947 0.014126435  0.22054736   0.028320877  -0.06403339  0.036830287  0.21441764  0.05180392  0.29501045    0.039960496
  1.000355384091682     0.7833959069509123    0.3238336734342749   1.270598300608284   2.459125062    5.96336066027  7.5474 -0.40023524 0.011596298  0.20335604   0.01900119   0.107550085  0.022364117  0.1822901   0.03363249  0.2654871     0.023815325
  1.3378087461914507    0.8084407229148164    0.29723808874584723  1.5631086474885143  2.36148918422  6.44006946536  7.2138 -0.8068073  0.012611003  0.21514347   0.02350896   -0.11258048  0.030756352  0.12845755  0.045928437 0.30015147    0.0301353  
